2.650776654908011
3.4544526063003183
4.529168341675058
4.5832843159107375
4.31108710847772
4.237903744624925
4.156301583405661
4.1560203475703075
4.169030850085832
4.169438122504263
4.145057357693997
4.060854051768967
4.02565036324193
3.981137944772285
3.8480010329878866
3.449690430507307
3.030074985775113
2.500778562877483
1.8684255809017092
1.3293408327071368
0.7750463177796385
0.0981991888569038
-0.5209588840959064
-1.1139453137298376
-1.5680812021542414
-1.7632349844250532
-1.7904149057909122
-1.8308892733426492
-1.865970316246252
-1.9227431202645557
-1.9839401907886287
-2.035516679311857
-2.1345458454764916
-2.3522552336478646
-2.7230825252892163
-3.3094150016582127
-3.7547280689629847
-4.112503991948909
-3.9644364613218697
-2.2036389297561993
4.420754501556015
4.877403323540657
4.640621962510014
4.384566573739518
4.204464308918213
4.176213170217897
4.203732847804073
4.172651202422823
4.137462022143239
4.133216784022148
4.140776471758457
4.146773365343704
4.098033020983977
4.058686931166987
3.9780273192457747
3.742301689070344
3.618993271152423
3.375173236332732
2.8769308914159333
2.1865390602917305
1.4201146659118122
0.8435353651930411
0.12525532209242582
-0.40788174002231165
-0.6988145593554489
-0.9937767058929735
-1.393896608740642
-1.7922301692836928
-2.006433078487124
-1.8989937642036032
-1.7715633905185937
-1.751041525997937
-1.7871471138741417
-1.8185229052076781
-1.816774489977575
-1.8104701792446385
-1.8121805037507428
-1.8461439577346197
-1.8740194200918299
-1.880461897986661
-1.871874577721504
-1.8313784554838464
-1.7819023646563736
-1.7636672433202527
-1.7606396145351002
-1.761503636657265
-1.7597429285934698
-1.7659921390191304
-1.8735839841101125
-2.108761030635851
-2.463029200588209
-2.9248046628391298
-3.5715755407471153
-4.115018069511234
-4.064197132362993
-1.5995880936894828
5.255456951647669
5.053753403601785
4.39705160704284
4.349713921387417
4.443175601368328
4.3713941775306075
4.3249632094856425
4.297721083341659
4.3065464755922465
4.303493011046056
4.297094957918571
4.285265959377286
4.286764556132897
4.27232443187867
4.2440623583360475
4.222275679362988
4.238754346457604
4.211858381298055
4.184747058914221
4.195389269870377
4.15301464154392
4.034968238052079
3.636646283455607
3.251841285231651
2.668795328338054
1.7026351938792912
0.7263302676834558
-0.05224952021188279
-0.6821618011195026
-1.0753922109447256
-1.4998211437201519
-1.7787316662330852
-1.9682293320874278
-2.027845057396792
-2.101483783725472
-2.2347058002588307
-2.4362982779284708
-2.763302792011644
-3.2386428138304026
-3.3082762489214512
-4.104338131247676
-3.689202074888863
1.007013713410965
5.226368977853302
4.869867585869942
4.460843797852164
4.264677693314657
4.223447324376391
4.2023427754251355
4.108063422217358
4.016317818383374
3.9424212525689497
3.6034351626721866
2.8571350635996846
2.23266345895805
1.556685272147754
0.7868512714319665
-0.0536628012353846
-0.6847861980049547
-1.1701407907670904
-1.6619897013090408
-1.9055834133451952
-1.941723004873756
-1.9542016787229883
-1.9880152030854377
-2.033595957729886
-2.0928581901060768
-2.249443054222519
-2.6898334561701094
-3.2164717745210916
-3.9942776492970062
-4.450771182490234
-2.4187081371153605
3.2389289555705028
5.099833448466851
4.767795243888423
4.424470320830073
4.235720270849462
4.31122543607071
4.267926282475369
4.194116617548939
4.143567392320964
4.103488210240027
4.045393417789866
3.614585650941271
2.884315401105818
2.111610322507888
1.3875780707008745
0.6320975278920204
-0.29404169621492604
-1.03828634167548
-1.4893364068234103
-1.7723893672081656
-1.8082178206200317
-1.733879027975
-1.7442831636006026
-1.831724854714889
-1.9053196146666935
-1.9288953688545498
-1.9234341639473271
-1.9086675882407786
-1.9368686931793142
-2.0243557095753535
-2.142676943353016
-2.4139217934232513
-2.766484561155672
-3.152262995964186
-3.593329536461765
-3.9578663049034772
-4.138284977901666
-3.9843850019086586
-3.356669835772777
-1.2644639782484757
5.034810693792907
4.941730203697597
4.48363907493054
4.496171392875096
4.539217314468243
4.441114878190749
4.342080618695967
4.335487923637204
4.323959501872007
4.271919918898169
4.255194775260635
4.204353176550361
4.021430997397918
3.714620331698342
3.4599209866202516
3.2244208811245842
2.966075283929121
2.6315169278910155
2.328050604614534
1.9615764900219963
1.6574846984147982
1.3087710436747784
0.9405670270529904
0.533972019980011
0.15983589682810243
-0.3757047268425896
-0.8037127862379663
-0.972466052312313
-1.1155588563309602
-1.3784789049307946
-1.6081809387375339
-1.7170502616451535
-1.744834273864769
-1.7206433504179919
-1.7206599393194801
-1.7681633108482555
-1.8048780487256322
-1.8091047594724379
-1.7740643988661169
-1.7860873886090922
-1.9164120611244817
-2.156220456372969
-2.4203056628119306
-2.7943733550288608
-3.1396115790736236
-3.3408140507050414
-3.4699967317353364
-3.6489754786254287
-4.022789539989295
-4.5066744162848655
-4.482070093576564
-3.358211163003693
0.6310709707745674
5.253468811169132
5.210122646811447
4.72585081097185
4.368792454959338
4.2482694984783045
4.31856211261835
4.269925087834382
4.1935888199103175
4.178675947421999
4.164772934564657
4.132674146887746
4.106835533805736
4.101751914306853
4.077593177517027
3.953092843416981
3.6356605214197697
3.2959259506702216
2.9757917391935576
2.52024967201441
2.034922962974774
1.5584137528440927
1.1218618035373684
0.6116900730476101
-0.10842374459526571
-0.7357291503179376
-1.1963876377084242
-1.5560969069712918
-1.7783877762140015
-1.8342558227817929
-1.8091432611501144
-1.7831182087760087
-1.8000202235888587
-1.8529942875671275
-1.9100310449212725
-1.9100310449212725
-1.9100310449212725
-1.9100310449212725
-1.9207566319424496
-1.9207566319424496
-1.9207566319424496
-2.0532140087465205
-2.0532140087465205
-2.0532140087465205
-2.9414302542399953
-2.9414302542399953
-2.9414302542399953
-4.148311341071226
-4.198316595067485
-4.198316595067485
-4.198316595067485
1.698963470571592
1.698963470571592
4.40767059965234
4.40767059965234
4.3341213942627785
4.308359293864614
4.308359293864614
4.308359293864614
4.308359293864614
4.308359293864614
4.308359293864614
4.308359293864614
4.464097102887747
4.310120251329797
4.310120251329797
4.310120251329797
3.828480728432478
3.2243648259095123
2.73062603143748
2.595778317688978
1.481916905516809
1.1942708938834876
0.6711087226482119
0.38209592857465363
-0.0003523638210076008
-0.4421569191616562
-0.8704419520017727
-1.0506192275037458
-1.315597737728593
-1.4336429644355808
-1.6043823526811123
-1.6238548562966397
-1.631682876560818
-1.6345639362666078
-1.693794681059065
-1.722699745897647
-1.79788419135993
-1.8198580748302187
-1.8428126222614813
-1.996484404890636
-2.1330540610184174
-2.675778858007741
-2.978745705346365
-3.5881760125101785
-3.9355125890286833
-3.973882768939087
-4.147887744753252
-4.063158923162526
-1.83053452801638
0.7849369955568372
4.528765339055746
4.912271675862009
4.875831314325709
4.399350079553311
4.307978773009202
4.316675180723335
4.440887646058141
4.440887646058141
4.378052269390194
4.353581847858789
4.284122771470108
4.27070260022737
4.27070260022737
4.27070260022737
4.27070260022737
4.27070260022737
4.27070260022737
3.9172404510804046
2.492763377667701
2.492763377667701
1.3456252654914571
0.8607694831635521
0.7714864944255533
-0.4805685244823957
-0.9118554002635334
-1.5721258842962909
-1.8653109205268006
-1.9504112757132344
-1.9373455052969561
-1.8909048464311775
-1.883318479434032
-1.9008522412522153
-1.9330221350189258
-1.9580076942200961
-1.949699851547504
-1.9308604242373248
-1.935429484922683
-2.0758480499320004
-2.5392804912626015
-3.0019301986442417
-3.5191764362364353
-4.105163408613655
-4.393487910805504
-3.040794163060122
2.6795049881662982
4.765965782712513
4.889179764150477
4.53823082010116
4.201867397143204
4.032436153207868
4.044984290404326
4.085450977578477
4.111635774036116
4.094701731363298
4.133182595038528
4.173289009117294
4.051756158068956
3.7909427498241377
3.1875932520023076
2.5472739024730293
2.0194233796867778
1.2969497359895805
0.6741875738823333
-0.06815763796988153
-1.000540649824301
-1.4153098810039895
-1.6471076896353776
-1.6888886535767678
-1.7133558420734218
-1.7525280181684655
-1.8165071982014507
-1.8386735849217892
-1.8433949253479884
-1.8524998398167396
-1.8744434403613124
-1.9081098710427544
-2.0914778133750653
-2.4417959292510205
-2.93857120862139
-3.537656122851371
-4.047496212939288
-4.31514351077996
-3.7704968872279467
-1.5504746949984771
2.512590442326226
5.0320248664276015
4.981927392401194
4.57679245384605
4.3116563012079965
4.237231509715802
4.285938226781301
4.293661367450353
4.23685920698303
4.23685920698303
4.23685920698303
4.218235278288015
4.218235278288015
4.217729966478992
4.061885344554452
3.611968650303086
3.611968650303086
3.611968650303086
3.611968650303086
3.611968650303086
3.611968650303086
3.611968650303086
3.611968650303086
3.611968650303086
3.611968650303086
3.611968650303086
2.6158117739702678
-1.4997595458632496
-1.6045956840797992
-1.7180255790883794
-1.7180255790883794
-1.7496808576057792
-1.7606731575893313
-1.7606731575893313
-1.794664497713922
-1.8333619154742828
-1.877987925697282
-2.009282200965329
-2.074779715258892
-2.3963352040813657
-2.3963352040813657
-3.7259626678505064
-4.192499099760569
-4.192499099760569
-1.8110986655914978
2.466476632489181
4.68047776792787
5.0140916194636915
5.0140916194636915
5.0140916194636915
4.6649701815246996
4.6649701815246996
4.565233433278278
4.565233433278278
4.54110957852686
4.54110957852686
4.54110957852686
4.168228665689558
4.168228665689558
3.78382110598616
3.5946226642271046
3.0873198637905426
2.6799107891652776
1.8940446488014526
1.8940446488014526
1.8940446488014526
1.8940446488014526
1.8940446488014526
-1.569700639109467
-1.569700639109467
-1.569700639109467
-1.569700639109467
-2.12869442410324
-2.12869442410324
-2.1333596709565272
-2.0465995362445493
-2.0465995362445493
-2.0465995362445493
-2.006122681212528
-2.006122681212528
-1.9908918192168974
-1.9961680039479937
-1.9961680039479937
-1.9961680039479937
-1.9961680039479937
-3.6176088647044606
-3.6176088647044606
-3.6176088647044606
-3.6176088647044606
-3.6176088647044606
-3.6176088647044606
-3.6176088647044606
-3.6176088647044606
-3.6176088647044606
-3.6176088647044606
4.033924564999438
4.033924564999438
3.987854968282595
3.987854968282595
3.987854968282595
3.987854968282595
3.987854968282595
3.987854968282595
3.987854968282595
3.987854968282595
3.987854968282595
3.987854968282595
3.987854968282595
3.987854968282595
3.987854968282595
3.987854968282595
-0.022210875220676277
-0.6743485062632657
-1.1458675998361127
-1.3514399908466819
-1.5271216174966484
-1.6819193715468501
-1.8944905493049338
-2.097403519449317
-2.20379788462936
-2.203467594688257
-2.1393453473105133
-2.110416835377054
-2.063273235239838
-2.0358411069091535
-2.028223555465117
-1.9534669805756146
-1.9142333638698577
-1.8887085006646658
-1.884442799045628
-1.9149607166006628
-2.0460805442456835
-2.204996049054076
-2.341160618217305
-2.6147713853168892
-2.96188388769129
-3.477520449769361
-3.9475955734142185
-4.155641028277348
-3.808415124177988
-2.449254489894247
0.3968174734239246
2.987080773408664
4.166098274926169
4.387688566620059
4.296773712217206
4.125864578976442
4.021741201543994
4.033728645856314
4.081751063182247
4.027808479451512
3.952286947643791
3.926265094689803
3.839143974213982
3.7125354525674394
3.4330717661656265
3.108587585708679
2.4538317271765324
1.9530373528558052
1.138958493113689
0.5576936028541658
-0.21157293810570857
-0.9138279345278217
-1.3548891365697058
-1.6913442133118772
-1.920791406413746
-2.03442697586268
-2.1373769124059563
-2.138463375539688
-2.0928417400556176
-2.0971846262338096
-2.0915558673302663
-2.1527244323465613
-2.3450973307506424
-2.866421507042205
-3.4221793963324094
-3.9392199746549794
-4.214671490305422
-2.310604752815821
2.3015574199431823
4.678101052614807
4.479014813846973
4.072701008348896
3.872534250776236
3.9220083306011024
4.028662837578226
4.063197812970126
3.997186550878861
4.005850853387189
3.999299871695664
3.9128722304389894
3.74390846899509
3.3278294008759457
2.730184155652785
2.0889977557801047
1.4936039587612138
0.7454401632832077
0.0697978201859392
-0.6945295754829137
-1.08856635677758
-1.494975375390634
-1.8352938077214578
-2.0365790248757305
-2.0188020161671685
-1.9504578626619657
-1.9004400596590034
-1.8770125493872185
-1.9471279464675306
-2.1033270058613103
-2.468091808731446
-2.9562246975669324
-3.408494396023486
-3.850069360759618
-3.9654293276651407
-3.334333974815181
-1.6230081825044698
3.108893656354212
5.3315197996847
5.0677177239045
4.618851532705921
4.4677555662879005
4.422983483827354
4.380588765849372
4.387874144237978
4.435465656812192
4.42489016129575
4.33076990535103
4.271790034827552
4.056055057776691
3.8191187417715837
3.1425980562963804
2.585476348239262
2.180782588790349
1.2376003573963998
0.6949572302703386
-0.060315683215246385
-0.6633400788200496
-1.0068045025920336
-1.4227613532951227
-1.6938966775365034
-1.8576984854432972
-1.9726933795362496
-2.028862492749524
-2.0406108313893427
-2.0328038153757353
-2.0307258312457943
-2.0737380251424398
-2.1967895646230224
-2.710063506665813
-3.118874503096294
-3.7433450236377506
-4.197769566510942
-4.027767681008583
-1.76307593941132
3.3558076675859443
5.232661328427321
4.942665961192027
4.555541096271275
4.390212031796754
4.263188517109727
4.18372752389686
4.136370278676992
4.0927729049722945
4.099419383264694
4.083947306068206
3.922645277065148
3.419577248138619
3.253951783607729
2.619328646297333
1.8601669569541723
