0.03042657736322529
0.03429090474356551
0.06343163994399457
0.06157579590631455
0.059360749519835346
0.0320784907826215
0.0007207048867555347
0.0024955713601670796
0.033425847741816686
0.06990881762520103
0.0980611460360257
0.11146443352097106
0.11531099035729696
0.12533377845531712
0.1418875733332235
0.15914916214398306
0.18417813997360674
0.2064374409706541
0.21154991353182587
0.20686005221866394
0.19301990693523968
0.18054254470375672
0.16837151607898765
0.15611412880031952
0.1460762746421455
0.14287787819569037
0.13900825195202657
0.1380909251934083
0.14235812210171664
0.14923018515797795
0.15454121650074723
0.15623630076969316
0.15860505463718585
0.15724326778374537
0.15617324383322487
0.1571762188953823
0.1543049958700206
0.1503908452460935
0.14769689665361108
0.14857215276329588
0.15110794978744643
0.15315438741271326
0.15348760033662215
0.1534480492367337
0.1594216931149389
0.1659811184086364
0.17086707567399406
0.17194566036483533
0.17037764212851877
0.1677906069734277
0.16390290910385918
0.16268316783338235
0.1610547648926605
0.16086397351151976
0.16338192492373269
0.16544223949587614
0.16862704745647178
0.1686237648132789
0.1736468033090744
0.18140216908842077
0.1908662494691148
0.2052061385887967
0.21903782438060598
0.22685488964348144
0.23165433932790727
0.23359981371343605
0.23240446748653423
0.22947646501953717
0.22657625089821434
0.2235013558466963
0.22145466697880742
0.21782201727354883
0.2159751845740392
0.21567441538884183
0.2166151216132307
0.21891590470613312
0.2188394637991819
0.218073033017566
0.2158711259820587
0.2135500459461787
0.2147618880571147
0.2153285309559972
0.21449772936390782
0.21333100034784475
0.21234918153709276
0.211652255453243
0.21280036882335518
0.20936990720164064
0.20395932724603102
0.19515040156362728
0.1911663483450521
0.19061601741203663
0.1928521955551315
0.2041204865954801
0.21504790538355684
0.24220944843925177
0.2799289076321311
0.34279971826790995
0.3881237073649171
0.4135576937997307
0.4163208783423067
0.39246663924192055
0.35783324223436075
0.30763148312816424
0.2470074504482433
0.2046166946470777
0.19052412670786117
0.2124696966356795
0.2587395227383091
0.3240911350295112
0.3926762088344998
0.43667302825000015
0.43667302825000015
0.43667302825000015
0.7140161628361451
0.8138933456749198
0.8987469732836784
0.9769869667112927
1.0422378254208653
1.0818059217784177
1.1371302210808427
1.1976921605306745
1.2048032461439668
1.2048032461439668
1.3663855709768737
1.4178681926284327
1.4697473041302456
1.5049928670363635
1.5273385905252748
1.5447083076970063
1.5601992475304094
1.5716950414318571
1.578737216162831
1.585168094685642
1.58982308152145
1.5940730324542987
1.5932828630013596
1.5925182536190707
1.5961794019125124
1.6054779579107121
1.6104004083032413
1.6141430482003747
1.6127218756296786
1.6111621318623772
1.6102337640066304
1.61086640755894
1.612912741167956
1.6160181313291853
1.6189550476329657
1.6203179827576317
1.6192929695692166
1.6227485578362035
1.6226006685113328
1.6200567733484315
1.6161404153409062
1.613311197989992
1.6099271112824303
1.6060274480674819
1.6029064008085028
1.6031992718000136
1.602146844983353
1.5995871904324455
1.5944296081677614
1.5878594379794428
1.5757090311359834
1.5593695666528005
1.529476495665685
1.4799126269580938
1.4134344401716719
1.3349176961112783
1.2440741472560688
1.1778511284448108
1.1056961208624694
1.0335322246336938
0.989092232420911
0.8857969301023999
0.7753045652129202
0.660393485428381
0.546146293133845
0.4346019747791909
0.34898964681806954
0.2739827283085134
0.22358788660253098
0.16941380161034164
0.1477607591104084
0.1350850818347624
0.1267643789431949
0.11434578974717335
0.1116529765823598
0.10763886263032392
0.10030022990920585
0.09796041652564434
0.10451442067320323
0.11747785388812827
0.10709187694915073
0.09152975402848021
0.08862680643507388
0.09115513084857066
0.09851125845751361
0.10422200537586397
0.10697425744402883
0.10545654406842248
0.10215301786428263
0.09996309782324245
0.09688057154760031
0.09556186965971343
0.09742063250407615
0.10048325131953027
0.09656664562611467
0.07795879815919782
0.03699392752885353
-0.031168803416473188
-0.13839619745123552
-0.2605246263192661
-0.3756350248900765
-0.45725030852614196
-0.5338543062479973
-0.627000295490107
-0.694749194479021
-0.7752374100125342
-0.8706549183844693
-0.9520399558021577
-1.038146772092433
-1.1220836783773391
-1.1827802340001892
-1.2571970933945371
-1.3373772850891958
-1.400780572370096
-1.4645625541580989
-1.5220348717646337
-1.5608989344238522
-1.5804123358950006
-1.5787913309295334
-1.572639137074932
-1.573118702167501
-1.5795405273608334
-1.579003640469755
-1.5716695256360655
-1.5595559115864381
-1.5595275207760224
-1.5739516525678645
-1.5823338600788472
-1.5801370495793754
-1.574859768715753
-1.5734115016523968
-1.577536085234036
-1.5795269792194928
-1.5773786201212996
-1.5738860031392967
-1.572539539188508
-1.573636498685553
-1.5762013613002341
-1.5765698197306706
-1.5762971462948534
-1.5712397530476256
-1.5639495462136481
-1.5548457868476773
-1.5459451734501213
-1.535021645174729
-1.5239851975419634
-1.5102642848210848
-1.4861575335831454
-1.4529428831354385
-1.410084928282842
-1.3611141947299294
-1.2790368169942046
-1.195724846716275
-1.081551474388815
-0.9483694636414159
-0.8231078938893249
-0.6973361498061884
-0.5560939685427607
-0.4554936682374282
-0.37189731295014117
-0.30444039804553763
-0.22680021924136162
-0.14348306776436998
-0.046874562513375254
0.06295368124857226
0.11892543839872091
0.13644150420905676
0.11482988920639335
0.062131927465701856
0.014244412323228305
-0.007945768864425632
-0.008782049359411834
-0.002421836147552169
0.005862370912640503
0.007772149375354986
0.015364168510898365
0.013208630748335812
0.01215327554318626
0.011809555833439279
0.011130421826687515
0.011386362038716088
0.0076838087935009085
0.0051807379270447755
0.0048977754517196305
0.004468072317456323
0.0006346381690346095
-0.0018885590767776159
0.00029750121517638207
-0.0003922732064059134
0.002270315003647043
0.003605625411864083
-0.0031517148242177933
-0.020710339208453526
-0.05298898994717822
-0.09217109619695031
-0.12980704097907111
-0.1970819071737078
-0.2326407409460728
-0.2703665040385735
-0.2997641850529022
-0.34126733406306103
-0.38946439757513446
-0.4641156039527899
-0.5010349822345433
-0.5614580660610741
-0.6705917736504468
-0.7526475505430219
-0.8174238797795584
-0.9238385358714333
-0.9815634107753752
-1.0341394740178997
-1.0677142886627842
-1.1105345909408384
-1.1445183283272486
-1.1586307848161526
-1.1998722910671353
-1.265247435120705
-1.3625163217719118
-1.4318966268637343
-1.515345691727547
-1.5768868213461211
-1.6694562796756873
-1.7871127947902168
-1.907528006140508
-1.921684030493122
-2.054015641900146
-2.120519539472748
-2.1758536501127157
-2.2388125683388984
-2.3145223055204753
-2.396420056483062
-2.478822135414905
-2.5834807276834724
-2.644919621900177
-2.711637484445718
-2.788901972394607
-2.857841800062768
-2.894761070911331
-2.9233786840599363
-2.942348731409122
-2.9468202284457616
-2.94975963705458
-2.9635633424418772
-2.97369742251428
-2.987165881356133
-2.995602895903297
-2.9955100223077515
-2.997778062857813
-3.0009669713956137
-3.0095770196029115
-3.0181335307578094
-3.032405529653166
-3.0432724877944826
-3.0458553220692504
-3.0428573728784523
-3.039784780656319
-3.0376589437316914
-3.0451921740055905
-3.0551433558676693
-3.05979663990171
-3.055599556723206
-3.055239119985669
-3.055239119985669
-3.062547498643771
-3.063133457397799
-3.0582532515769434
-3.0573894874191336
-3.059416833770081
-3.061129328260357
-3.0676645539800327
-3.0688244960386553
-3.066645756603628
-3.063284666399792
-3.063177615127494
-3.0627751301909005
-3.0634818432943316
-3.063151119692454
-3.065517990475253
-3.068681263344134
-3.0685665938809326
-3.068491710448117
-3.0741886425331395
-3.087663089312868
-3.095407327911076
-3.0985815659986087
-3.099334949038242
-3.0922987144637935
-3.0806740869868965
-3.0696691239641853
-3.0636657925676087
-3.060347024388601
-3.0520159052641223
-3.0324855380185616
-3.0177374163723125
-3.010158233783028
-3.002879291281933
-2.9746765861069187
-2.9459098873868172
-2.939329919011823
-2.9293621397140357
-2.934075265880918
-2.9666122872036618
-3.0350577912033994
-3.09503953777001
-3.181541451835003
-3.264272817745705
-3.3025039449434996
-3.300916287605953
-3.300107674101476
-3.3267867505407374
-3.3904263537284254
-3.448574967374482
-3.508768764146916
-3.557993546935292
-3.6024842461277693
-3.646593640306808
-3.6877213339422665
-3.7130356460761367
-3.728141629865708
-3.7318924086933327
-3.734008125575225
-3.7503937243589895
-3.77843062400207
-3.8123306838454156
-3.8416835728014647
-3.883476553722537
-3.907479808306633
-3.926636072962475
-3.938245729482199
-3.938928599191828
-3.9351570722099125
-3.9320307725363226
-3.9337916120971776
-3.9392085460215105
-3.945997404658884
-3.9560770229619893
-3.9598881387991782
-3.963061885520357
-3.9628206250167803
-3.96182321066175
-3.9628554529996918
-3.96374953052937
-3.969821900624012
-3.969821900624012
-3.9749937091376037
-3.978264888457152
-3.9883561106303596
-4.002527587257332
-4.041739983621191
-4.041739983621191
-4.101157319747405
-4.128356592181917
-4.128356592181917
-4.183473267745487
-4.191679917588111
-4.218848671812183
-4.239188862362581
-4.254900805492256
-4.265172034444733
-4.283212522969947
-4.29283950246644
-4.33088238288439
-4.384640783028261
-4.412446255711867
-4.421947872988503
-4.426547052468272
-4.430528637486399
-4.443587990715518
-4.444205449056827
-4.439933604532772
-4.435677781781468
-4.438937364167886
-4.43914477029689
-4.439925939478786
-4.443770967243378
-4.442026418692405
-4.438725238936588
-4.439194941667737
-4.444874036171909
-4.453052217593347
-4.4556660504252275
-4.45449552280253
-4.451296246577628
-4.453108405967258
-4.4539181593723445
-4.448880110316432
-4.430260151520551
-4.4085882329621
-4.377262150517686
-4.329408678258339
-4.2710506281973135
-4.196262314611392
-4.100228349028918
-4.010230753232483
-3.9655521522402037
-3.8383718532021174
-3.7633300897393975
-3.71220301881166
-3.650407943698593
-3.567341514183957
-3.479682425456867
-3.3498473330098215
-3.2074842446206295
-3.0741609772267857
-2.930981548540993
-2.7679788865507358
-2.6471555103101037
-2.5417516179389086
-2.4636914898753854
-2.3636611004795864
-2.2953883643235606
-2.190960524060875
-2.094395101143065
-2.0144826311362434
-1.97068985585143
-1.9369241804265689
-1.8487188399320833
-1.746199284973245
-1.5780366376767345
-1.493922635442958
-1.4038497509759424
-1.3522048208307258
-1.327985278788374
-1.334155783329274
-1.4130655681652229
-1.5115611718294293
-1.5612759201635498
-1.575535876758503
-1.5975048831031369
-1.6010524129876391
-1.5886887034847745
-1.5598594611691572
-1.5604813199492933
-1.576506141043039
-1.5859187457819681
-1.6069911340237921
-1.615871275479409
-1.615871275479409
-1.6235477823040385
-1.6254688634229357
-1.6194400750642133
-1.6099220947620718
-1.6050827968054393
-1.6052111165003682
-1.60902514933214
-1.615079115043035
-1.6221368313033309
-1.6253014152015297
-1.6253583476406022
-1.627594185351791
-1.636516350597792
-1.6482478079843577
-1.6745794303732144
-1.7187594833643982
-1.8176541584920485
-1.8774290625611854
-1.9524979544457985
-2.048116293179561
-2.1512499289646874
-2.285509266111545
-2.385068851907518
-2.4714849569370783
-2.545494244410461
-2.6170228000932267
-2.6890355706746703
-2.7367985897986467
-2.7914581661329567
-2.8564832016112884
-2.9078336854408255
-2.945361652088036
-2.9564743923720695
-2.9505973997450963
-2.934308459310866
-2.910365334476204
-2.8849669120250736
-2.878954792660822
-2.8864537931632968
-2.8924103947611663
-2.893076091366106
-2.885570634219553
-2.8877675587608183
-2.9087518895325424
-2.9531919707694407
-3.024995163564664
-3.089097093383204
-3.197617441421878
-3.3221169744783934
-3.4707563440543137
-3.577128702378943
-3.680172987578409
-3.814635342080811
-3.9315283354551482
-4.054748779648869
-4.145827916889334
-4.244525455880916
-4.438392364661881
-4.565639564901765
-4.606160394287453
-4.580542834308238
-4.5281782421101555
-3.551977636947597
-2.229463895524748
-0.727908487963607
-0.03712076279636562
-0.053594220634491485
-0.3771124116708582
-0.9053689660447756
-1.3499625285167811
-1.5036816474331736
-1.516222784216604
-1.4268895133703026
-1.3163359499472804
-1.2206525305959228
-1.1636745034196225
-1.1415133191212414
-1.1065897925161132
-1.0745886446990538
-1.0283875989366031
-0.9579103564472851
-0.8733628565521393
-0.8395833812315694
-0.8199713471920227
-0.8775859741331544
-0.9668064943432597
-1.0237282612395548
-1.0554179936379657
-1.082179107975148
-1.0789095373683901
-1.0729002872548397
-1.0805298859175694
-1.0894165446089994
-1.0978159100552694
-1.0983060456713423
-1.1063536487164034
-1.108098254904973
-1.106677894882063
-1.108887397121176
-1.1175927001460773
-1.1147983345395625
-1.1033541187856943
-1.1137418639460885
-1.1355738466903293
-1.1658739636341529
-1.1651700707351336
-1.145158285383807
-1.1079786971765682
-1.1022704354569837
-1.1491011123497
-1.1821280742590543
-1.1443399246012702
-1.0668620274672085
-0.9838257344084929
-0.9580538408752688
-1.0059596346448862
-1.065544055908981
-1.1386440112471305
-1.2145044846774624
-1.2839556178554377
-1.3707777846927127
-1.3813761039189036
-1.3109072396842878
-1.2175323361809123
-1.1319892431772849
-1.0969516443690253
-1.1378487223554834
-1.177925594103167
-1.2237402432475057
-1.2429974134523558
-1.2580627271331677
-1.257934855861595
-1.2898869568750069
-1.373312443982856
-1.4610304777824639
-1.5598351080574981
-1.6021942118169827
-1.7569218689260118
-2.6957272878145417
-3.874598709336793
-4.824069908446074
-5.772131319508963
-5.6295017561364125
-2.929729948299237
-1.331314460521984
-0.13472440557970597
0.4656132443910529
0.5565199992568911
0.5562837159809945
0.6776412960860424
0.7192755616066399
0.6723325394176045
0.5939784087459387
0.5437321598073296
0.6743986032828299
0.9145708247133121
1.1060020499999883
1.1426738793016316
1.1940618790995705
2.0113007832987826
2.7393810689603666
5.3280635419248785
6.041643570161268
6.16444789814166
6.16444789814166
6.174817877824183
6.161865209829971
6.152985657906423
6.166504192493424
6.140703420422776
6.14926803469954
6.165274588333412
6.15738586186736
6.155797329387855
6.098811917505205
6.08981848090246
6.08981848090246
6.092820065778054
6.081151608780557
6.08359278335876
6.081447115407068
6.151987177640397
6.1528491922469275
6.149781544171603
6.144752219984318
6.139454908319485
6.151234394415444
6.1451474016476055
6.156274887971405
6.155392036784081
6.152086579663916
6.147987688469142
6.146819744952645
6.1525989904708585
6.143515451026211
6.146673304823816
6.148435617854385
6.148461909313708
6.150343586663648
6.148677231748004
6.146846662772307
6.1482660687267225
6.147236616382899
6.143122458127705
6.1487533193578106
6.143933568274576
6.145627032447055
6.1464610136748865
6.144786392068179
6.14760580493806
6.149095509949741
6.148542098219254
6.151882793053534
6.149710334210877
6.148102733104651
6.144263242913592
6.148056118562139
6.1510976547339915
6.151434928239941
6.146816896413503
6.147512007607246
6.15278681815276
6.14682502276579
6.143230259856127
6.151163122056858
6.15147340523125
6.143661756430172
6.14922035213916
6.145703547961727
6.15238014399475
6.146768083728558
6.149901751270826
6.14996362910896
6.155587725804943
6.146371523951045
6.146308965161942
6.148351469192658
6.14640758658343
6.153045919280638
6.147373439879378
6.149604589738161
6.148689729738798
6.148908090202715
6.153405959646659
6.147949940875196
6.155127277973236
6.148630192831752
6.149370695045831
6.14446916477994
6.148642203437457
6.148971911234468
6.150543514445252
6.1480285937762345
6.147288422980373
6.148674043057755
6.150619757679079
6.154030228138443
6.153822007935836
6.151488427555564
6.1510366009932875
6.147068740336604
6.153290435499903
6.149279389359353
6.147745192211212
6.1490405026994255
6.143905470590755
6.1481716625721585
6.147904367720698
6.1515968501751965
6.146287670194939
6.149376258655469
6.149153217216551
6.150359931937054
6.151157890500659
6.149742862466375
6.146648194904517
6.150368756425332
6.153466881855364
6.146966987684148
6.153597241915768
6.152726572194295
6.14923371435005
6.151206361490106
6.1496511121127595
6.147022903036375
6.144448600006422
6.149555131391539
6.154953071532197
6.146648706400854
6.146862427204633
6.1530420069871825
6.147745082569393
6.146539633172361
6.154150383344013
6.152875459636398
6.144973935126473
6.152811580318556
6.14715805776184
6.153565069487852
6.150305515170685
6.149673802205489
6.14504963359214
6.1473960253765965
6.151583282790631
6.151114978827033
6.151669103795957
6.146544026918525
6.1508388631222255
6.147188102618686
6.15360821908014
6.150511045470102
6.151918034629735
6.147826726369577
6.157335789849797
6.153016678864135
6.148529395441601
6.151314480619723
6.147997531449809
6.146133982927659
6.144556227886874
6.15535694764436
6.150729926053373
6.1496158536767025
6.153850715778965
6.149880890310484
6.149028454514255
6.148043023316289
6.151020781714345
6.1494869150338625
6.152945160767315
6.1503762016441605
6.150312881449563
6.146510894090826
6.151487461054117
6.144340894796864
6.152054457955089
6.148001482572031
6.150918167389934
6.15364504410879
6.150256962716968
6.14423619869356
6.150798201711912
6.146110494304995
6.1508001638612715
6.147917624047532
6.150279554307419
6.147770157886982
6.149546066567384
6.151192401938636
6.149004158598698
6.151584796539214
6.157047793949195
6.148578902730532
6.145202922532681
6.148159559154072
6.151023154010033
6.150517545855104
6.157070984452584
6.151163970258636
6.154667949569473
6.150544683423374
6.148800922052005
6.147361539739621
6.150523787754155
6.150227523624869
6.147755257578636
6.149846686264188
6.15132023121388
6.1472046840989565
6.145247652818365
6.149273587539662
6.147925245877925
6.1517620897322365
6.149692820400376
6.150381813904687
6.149266447677852
6.1528817312731245
6.156934317310559
6.150310566302778
6.144750655075029
6.147151829906217
6.149404109678362
6.1518702876745905
6.152311007119237
6.149046928123216
6.1505915766721735
6.1531510497197015
6.153248080962615
6.145964412749816
6.1517944907322635
6.151819049633475
6.150537206825444
6.148090114920203
6.148028832227327
6.152161872155226
6.153856919925708
6.149703137914256
6.142597503568101
6.148498709316541
6.146925568410387
6.151747035250368
6.154720499746998
6.14859376019479
6.149058982069987
6.148588307067152
6.144963986690628
6.151141207059296
6.15333716925809
6.147697210291372
6.148319172691772
6.096094758211958
6.085215337101137
6.0936537100461114
6.082439123511037
6.081848644600413
6.0954508629979856
6.080138776543919
6.088806795507046
6.0917264434116305
6.083592008155035
6.088370403762312
6.085489664704839
6.079531156890166
6.0820489000350735
6.084467435337586
6.05937279299864
6.078317460270641
6.086379205318942
6.088972360111513
6.084864674015816
6.089461513453827
6.082597969564494
6.083272235148424
6.06788923247845
6.068426497365285
6.141012174572378
6.066456776012541
6.070057247064685
6.1435366773440565
6.136567751095433
6.159309774246374
6.154083963388801
6.137346401274183
6.138040890934794
6.147186749161628
6.147186749161628
6.1476306674542425
6.145003334394659
6.135894619997697
6.1485684896063955
6.15180908157527
6.075857566116947
6.0833988347986985
6.149483374960412
6.146586585773786
6.174296157682258
6.052531131769369
6.03595615701097
6.039485127228702
6.038791695863977
6.041669847569711
6.041228758296503
6.0421703784121865
6.041682143593991
6.0418979322106185
6.041918724306644
6.041651199740635
6.0392395438733715
6.043376178925449
6.060969554236982
6.06000812119417
6.06057173240985
6.060601176773184
6.058550345463288
6.05941803965343
6.061145318813039
6.060704255451625
6.060792622965865
6.06044146143534
6.0584035930616436
6.060603729174626
6.06045021161662
6.05954665057836
6.0591341516241055
6.059350344751273
6.0562895301016955
6.057490755040411
6.057122689056244
6.056885632223594
6.06044415121621
6.059220528539002
6.059353002380395
6.0601914391624225
6.061134365023967
6.058199518709579
6.05943424928626
6.060275059573566
6.061011377509188
6.059530793821622
6.058842285418622
6.059853093588223
6.060994451685577
6.058650722633577
6.060615131863762
6.059762893258582
6.06055671189171
6.0582592466824
6.060376905246244
6.058464943984705
6.059414471334659
6.059192668847335
6.06085470075671
6.059978198300568
6.059703296145522
6.0592860649455735
6.058995829047324
6.059466132208322
6.058658116207308
6.058702457845408
6.060062781882327
6.059595486112723
6.060350686627938
6.058208345310461
6.060035888601388
6.060204355853358
6.061242873327454
6.060615815886597
6.060881611757181
6.0603530152305005
6.059408631842536
6.060165596789822
6.059248592087358
6.0595953880852855
6.059760464533138
6.058740720767839
6.0600562509606855
6.059890591117214
6.059991449642913
6.059603963726048
6.059430679764138
6.059869870240836
6.059645356073046
6.061009385624641
6.057765887459389
6.059519371788441
6.0592191516849825
6.059752040844777
6.059686977974119
6.059178860053553
6.060006431925451
6.056313379758008
6.061017323647557
6.059779564727578
6.060446662436477
6.059104692428775
6.061293933049794
6.060394539398883
6.059114023917472
6.060447184633996
6.0586642292620425
6.059215638107946
6.0587909906263
6.0604373264225675
6.0591285434376925
6.059044776894389
6.060590460039867
6.058418079234763
6.057737175929673
6.059979199638028
6.060722677726737
6.057739437773869
6.056563832039752
6.056907743166555
6.056422506302216
6.056653605486174
6.056884518570596
6.05602682724383
6.056938790647921
6.059177004418384
6.05941192952598
6.060771532409943
6.059498563358288
6.060512134015346
6.06010575309754
6.059768906107492
6.059320503515367
6.058610717799331
6.058899417553687
6.061057029829329
6.060339152234352
6.060568384047919
6.059401964221059
6.059478543536512
6.060976050331231
6.060687243282139
6.060193691712481
6.058776778478524
6.059519516779083
6.059991589900978
6.060060419252434
6.058426276530347
6.057765587316602
6.057680428706553
6.06065760741429
6.0596099143705695
6.059130194716467
6.059963948403007
6.059750880334631
6.056313857372092
6.057623051759861
6.059201401660806
6.0611492139074405
6.059564131299905
6.059585197253184
6.059179658501883
6.0592383831425165
6.059963689129926
6.059659789300914
6.059189942671387
6.05913568343866
6.059825215683669
6.060667911891715
6.0606814353764324
6.058892712499867
6.059406243390295
6.060126708761764
6.059056281141463
6.059362254078086
6.060577353127584
6.06107621922388
6.059568425521942
6.058591010029505
6.059027189821208
6.060056565598886
6.059175026168313
6.057085998856951
6.056614114564032
6.056382280781965
6.060856266891703
6.058214156712193
6.059496229924991
6.060140022674014
6.058568600798841
6.059098736572408
6.059592334174693
6.060171560627304
6.060545539008695
6.060012336713399
6.060493088769619
6.059665493129729
6.0581714953086045
6.0586999826030885
6.059666842064045
6.05956815618156
6.058419036996492
6.059717280994135
6.059764705083087
6.059119843199596
6.059316619747613
6.05930828727388
6.059141244799628
6.060264408227166
6.060352179928302
6.059431503505327
6.058748428014306
6.059284299180375
6.05960362946644
6.058837392454555
6.055935418916826
6.058976918681877
6.059624053944635
6.059532282211417
6.06036471154686
6.059480571888622
6.059201708362675
6.059830889110487
6.058544654255772
6.059368817769836
6.059377207381148
6.059420013524228
6.061412545815252
6.05886444978855
6.0587697246245815
6.0594509783475825
6.0590688957954795
6.059740284665569
6.059586631541978
6.059583928169442
